split  0
full:         0.5659824046920822 0.3724340175953079 0.7595307917888563
full_notrea:  0.593841642228739 0.41642228739002934 0.7712609970674487
mike:         0.5542521994134897 0.3460410557184751 0.7624633431085044
mike_notrea:  0.6143695014662757 0.3841642228739003 0.844574780058651
trea:         0.5234604105571847 0.5542521994134897 0.49266862170087977
split  1
full:         0.5571847507331378 0.3519061583577713 0.7624633431085044
full_notrea:  0.5586510263929618 0.36656891495601174 0.750733137829912
mike:         0.5557184750733137 0.3343108504398827 0.7771260997067448
mike_notrea:  0.5850439882697948 0.3460410557184751 0.8240469208211144
trea:         0.5190615835777126 0.9266862170087976 0.11143695014662756
split  2
full:         0.5571847507331378 0.36656891495601174 0.7478005865102639
full_notrea:  0.592375366568915 0.41642228739002934 0.7683284457478006
mike:         0.5659824046920822 0.31671554252199413 0.8152492668621701
mike_notrea:  0.5586510263929618 0.33724340175953077 0.7800586510263929
trea:         0.532258064516129 0.8211143695014663 0.2434017595307918
split  3
full:         0.6026392961876833 0.40762463343108507 0.7976539589442815
full_notrea:  0.6011730205278593 0.40762463343108507 0.7947214076246334
mike:         0.5777126099706745 0.31085043988269795 0.844574780058651
mike_notrea:  0.5909090909090909 0.36070381231671556 0.8211143695014663
trea:         0.49853372434017595 0.5219941348973607 0.4750733137829912
split  4
full:         0.5483870967741935 0.3343108504398827 0.7624633431085044
full_notrea:  0.5425219941348973 0.30791788856304986 0.7771260997067448
mike:         0.5381231671554252 0.36363636363636365 0.7126099706744868
mike_notrea:  0.5659824046920822 0.35777126099706746 0.7741935483870968
trea:         0.5175953079178885 0.5278592375366569 0.5073313782991202
split  5
full:         0.5850439882697948 0.39882697947214074 0.7712609970674487
full_notrea:  0.592375366568915 0.3724340175953079 0.8123167155425219
mike:         0.5454545454545454 0.3225806451612903 0.7683284457478006
mike_notrea:  0.5469208211143695 0.3255131964809384 0.7683284457478006
trea:         0.5205278592375366 0.656891495601173 0.3841642228739003
split  6
full:         0.5601173020527859 0.3460410557184751 0.7741935483870968
full_notrea:  0.6099706744868035 0.4604105571847507 0.7595307917888563
mike:         0.5791788856304986 0.34310850439882695 0.8152492668621701
mike_notrea:  0.5234604105571847 0.2903225806451613 0.7565982404692082
trea:         0.5381231671554252 0.5689149560117303 0.5073313782991202
split  7
full:         0.6290322580645161 0.4574780058651026 0.8005865102639296
full_notrea:  0.5733137829912024 0.36656891495601174 0.7800586510263929
mike:         0.5483870967741935 0.35777126099706746 0.7390029325513197
mike_notrea:  0.5645161290322581 0.34310850439882695 0.7859237536656891
trea:         0.532258064516129 0.5483870967741935 0.5161290322580645
split  8
full:         0.5630498533724341 0.3519061583577713 0.7741935483870968
full_notrea:  0.5498533724340176 0.33724340175953077 0.7624633431085044
mike:         0.5777126099706745 0.34017595307917886 0.8152492668621701
mike_notrea:  0.5762463343108505 0.3489736070381232 0.8035190615835777
trea:         0.48240469208211145 0.7624633431085044 0.20234604105571846
split  9
full:         0.5997067448680352 0.375366568914956 0.8240469208211144
full_notrea:  0.5865102639296188 0.40762463343108507 0.7653958944281525
mike:         0.5865102639296188 0.36656891495601174 0.8064516129032258
mike_notrea:  0.5850439882697948 0.375366568914956 0.7947214076246334
trea:         0.5073313782991202 0.5102639296187683 0.5043988269794721
==> mean full:        0.5768328445747801 0.37624633431085047 0.7774193548387098
==> mean notrea_full: 0.580058651026393 0.3859237536656892 0.7741935483870969
==> mean mike:        0.5629032258064517 0.3401759530791789 0.7856304985337245
==> mean notrea_mike: 0.5711143695014662 0.3469208211143696 0.7953079178885631
==> mean trea:        0.5171554252199414 0.6398826979472142 0.3944281524926686
