study to test: study_12093_GPL96_all-bmc15
(2089, 23475) (136, 23475)
(2089, 8836) (136, 8836)
(2089, 4) (136, 4)
full:  0.75 0.6456896551724137 0.4396551724137931
mike:  0.8308823529411765 0.6745689655172413 0.5077586206896552
trea:  0.8529411764705882 0.5 0.5
study to test: study_1379_GPL1223_all-bmc15
(2165, 23475) (60, 23475)
(2165, 8836) (60, 8836)
(2165, 4) (60, 4)
full:  0.4666666666666667 0.48549107142857145 0.5
mike:  0.5 0.5591517857142857 0.5022321428571428
trea:  0.5333333333333333 0.5 0.5
study to test: study_16391_GPL570_all-bmc15
(2177, 23475) (48, 23475)
(2177, 8836) (48, 8836)
(2177, 4) (48, 4)
full:  0.7916666666666666 0.6684210526315789 0.5
mike:  0.7291666666666666 0.5210526315789473 0.49736842105263157
trea:  0.7916666666666666 0.5342105263157895 0.5
study to test: study_16446_GPL570_all-bmc15
(2111, 23475) (114, 23475)
(2111, 8836) (114, 8836)
(2111, 4) (114, 4)
full:  0.7631578947368421 0.5469662921348315 0.5175280898876404
mike:  0.7192982456140351 0.45662921348314606 0.4606741573033708
trea:  0.7807017543859649 0.5 0.5
study to test: study_17705_GPL96_JBI_Tissue_BC_Tamoxifen-bmc15
(2122, 23475) (103, 23475)
(2122, 8836) (103, 8836)
(2122, 4) (103, 4)
full:  0.8252427184466019 0.7091503267973857 0.5218954248366013
mike:  0.7961165048543689 0.4928104575163399 0.5042483660130719
trea:  0.8252427184466019 0.5 0.5
study to test: study_17705_GPL96_MDACC_Tissue_BC_Tamoxifen-bmc15
(2030, 23475) (195, 23475)
(2030, 8836) (195, 8836)
(2030, 4) (195, 4)
full:  0.7282051282051282 0.6155992559128355 0.5118256710071751
mike:  0.7025641025641025 0.6796439011427052 0.4823943661971831
trea:  0.7282051282051282 0.5 0.5
study to test: study_19615_GPL570_all-bmc15
(2115, 23475) (110, 23475)
(2115, 8836) (110, 8836)
(2115, 4) (110, 4)
full:  0.8181818181818182 0.609375 0.46875
mike:  0.8454545454545455 0.7313988095238095 0.6369047619047619
trea:  0.5272727272727272 0.40625 0.36309523809523814
study to test: study_20181_GPL96_all-bmc15
(2172, 23475) (53, 23475)
(2172, 8836) (53, 8836)
(2172, 4) (53, 4)
full:  0.6981132075471698 0.6790540540540541 0.5532094594594594
mike:  0.6981132075471698 0.6283783783783784 0.5177364864864865
trea:  0.6981132075471698 0.5 0.5
study to test: study_20194_GPL96_all-bmc15
(1964, 23475) (261, 23475)
(1964, 8836) (261, 8836)
(1964, 4) (261, 4)
full:  0.31800766283524906 0.47828773168579 0.5679611650485437
mike:  0.3486590038314176 0.47193292144748455 0.587378640776699
trea:  0.210727969348659 0.5218005295675199 0.5
study to test: study_2034_GPL96_all-bmc15
(1939, 23475) (286, 23475)
(1939, 8836) (286, 8836)
(1939, 4) (286, 4)
full:  0.6258741258741258 0.619537409283141 0.509398005534381
mike:  0.6223776223776224 0.6106093040254791 0.4972067039106145
trea:  0.6258741258741258 0.5 0.5
study to test: study_22226_GPL1708_all-bmc15
(2097, 23475) (128, 23475)
(2097, 8836) (128, 8836)
(2097, 4) (128, 4)
full:  0.359375 0.4310075093867334 0.4511889862327909
mike:  0.390625 0.5122027534418023 0.5381727158948686
trea:  0.734375 0.5090738423028787 0.5
study to test: study_22358_GPL5325_all-bmc15
(2103, 23475) (122, 23475)
(2103, 8836) (122, 8836)
(2103, 4) (122, 4)
full:  0.36065573770491804 0.3681372549019608 0.4568627450980392
mike:  0.23770491803278687 0.4745098039215686 0.44362745098039214
trea:  0.16393442622950818 0.6666666666666666 0.5
study to test: study_25055_GPL96_MDACC_M-bmc15
(2004, 23475) (221, 23475)
(2004, 8836) (221, 8836)
(2004, 4) (221, 4)
full:  0.38009049773755654 0.5125424614580611 0.518160438986151
mike:  0.3936651583710407 0.5655866213744447 0.5706819963417821
trea:  0.19457013574660634 0.5 0.5
study to test: study_25065_GPL96_MDACC-bmc15
(2154, 23475) (71, 23475)
(2154, 8836) (71, 8836)
(2154, 4) (71, 4)
full:  0.28169014084507044 0.365819209039548 0.5014124293785311
mike:  0.6619718309859155 0.5 0.4978813559322034
trea:  0.8309859154929577 0.5 0.5
study to test: study_25065_GPL96_USO-bmc15
(2171, 23475) (54, 23475)
(2171, 8836) (54, 8836)
(2171, 4) (54, 4)
full:  0.6481481481481481 0.584090909090909 0.5909090909090908
mike:  0.7777777777777778 0.5727272727272728 0.5159090909090909
trea:  0.8148148148148148 0.5 0.5
study to test: study_32646_GPL570_all-bmc15
(2110, 23475) (115, 23475)
(2110, 8836) (115, 8836)
(2110, 4) (115, 4)
full:  0.7304347826086957 0.5738980121002593 0.48552290406223
mike:  0.43478260869565216 0.5259291270527225 0.5531547104580812
trea:  0.22608695652173913 0.5 0.5
study to test: study_9893_GPL5049_all-bmc15
(2077, 23475) (148, 23475)
(2077, 8836) (148, 8836)
(2077, 4) (148, 4)
full:  0.31756756756756754 0.3453525641025641 0.42107371794871795
mike:  0.41216216216216217 0.4134615384615385 0.4190705128205128
trea:  0.6486486486486487 0.4695512820512821 0.5
